{
 "cells": [
  {
   "cell_type": "code",
   "execution_count": 4,
   "id": "be29f5c7",
   "metadata": {},
   "outputs": [
    {
     "name": "stdout",
     "output_type": "stream",
     "text": [
      "Requirement already satisfied: yfinance in c:\\users\\learn\\anaconda3\\lib\\site-packages (0.2.40)\n",
      "Requirement already satisfied: requests>=2.31 in c:\\users\\learn\\anaconda3\\lib\\site-packages (from yfinance) (2.32.3)\n",
      "Requirement already satisfied: pytz>=2022.5 in c:\\users\\learn\\anaconda3\\lib\\site-packages (from yfinance) (2022.7)\n",
      "Requirement already satisfied: platformdirs>=2.0.0 in c:\\users\\learn\\anaconda3\\lib\\site-packages (from yfinance) (2.5.2)\n",
      "Requirement already satisfied: html5lib>=1.1 in c:\\users\\learn\\anaconda3\\lib\\site-packages (from yfinance) (1.1)\n",
      "Requirement already satisfied: numpy>=1.16.5 in c:\\users\\learn\\anaconda3\\lib\\site-packages (from yfinance) (1.23.5)\n",
      "Requirement already satisfied: pandas>=1.3.0 in c:\\users\\learn\\anaconda3\\lib\\site-packages (from yfinance) (2.2.2)\n",
      "Requirement already satisfied: frozendict>=2.3.4 in c:\\users\\learn\\anaconda3\\lib\\site-packages (from yfinance) (2.4.4)\n",
      "Requirement already satisfied: multitasking>=0.0.7 in c:\\users\\learn\\anaconda3\\lib\\site-packages (from yfinance) (0.0.11)\n",
      "Requirement already satisfied: peewee>=3.16.2 in c:\\users\\learn\\anaconda3\\lib\\site-packages (from yfinance) (3.17.6)\n",
      "Requirement already satisfied: beautifulsoup4>=4.11.1 in c:\\users\\learn\\anaconda3\\lib\\site-packages (from yfinance) (4.11.1)\n",
      "Requirement already satisfied: lxml>=4.9.1 in c:\\users\\learn\\anaconda3\\lib\\site-packages (from yfinance) (4.9.1)\n",
      "Requirement already satisfied: soupsieve>1.2 in c:\\users\\learn\\anaconda3\\lib\\site-packages (from beautifulsoup4>=4.11.1->yfinance) (2.3.2.post1)\n",
      "Requirement already satisfied: webencodings in c:\\users\\learn\\anaconda3\\lib\\site-packages (from html5lib>=1.1->yfinance) (0.5.1)\n",
      "Requirement already satisfied: six>=1.9 in c:\\users\\learn\\anaconda3\\lib\\site-packages (from html5lib>=1.1->yfinance) (1.16.0)\n",
      "Requirement already satisfied: python-dateutil>=2.8.2 in c:\\users\\learn\\anaconda3\\lib\\site-packages (from pandas>=1.3.0->yfinance) (2.8.2)\n",
      "Requirement already satisfied: tzdata>=2022.7 in c:\\users\\learn\\anaconda3\\lib\\site-packages (from pandas>=1.3.0->yfinance) (2023.3)\n",
      "Requirement already satisfied: idna<4,>=2.5 in c:\\users\\learn\\anaconda3\\lib\\site-packages (from requests>=2.31->yfinance) (3.4)\n",
      "Requirement already satisfied: charset-normalizer<4,>=2 in c:\\users\\learn\\anaconda3\\lib\\site-packages (from requests>=2.31->yfinance) (2.0.4)\n",
      "Requirement already satisfied: urllib3<3,>=1.21.1 in c:\\users\\learn\\anaconda3\\lib\\site-packages (from requests>=2.31->yfinance) (1.26.14)\n",
      "Requirement already satisfied: certifi>=2017.4.17 in c:\\users\\learn\\anaconda3\\lib\\site-packages (from requests>=2.31->yfinance) (2023.11.17)\n"
     ]
    }
   ],
   "source": [
    "!pip install yfinance\n",
    "\n"
   ]
  },
  {
   "cell_type": "code",
   "execution_count": 5,
   "id": "fd8fff3c",
   "metadata": {},
   "outputs": [],
   "source": [
    "import yfinance as yf\n"
   ]
  },
  {
   "cell_type": "code",
   "execution_count": 11,
   "id": "f9d2b558",
   "metadata": {},
   "outputs": [
    {
     "name": "stdout",
     "output_type": "stream",
     "text": [
      "                                 AAPL       PYPL        TSLA       NVDA  \\\n",
      "Date                                                                      \n",
      "2015-07-06 00:00:00-04:00   28.351793  36.709999   18.648001   0.488292   \n",
      "2015-07-07 00:00:00-04:00   28.282040  36.619999   17.858667   0.479093   \n",
      "2015-07-08 00:00:00-04:00   27.579998  34.700001   16.997334   0.475704   \n",
      "2015-07-09 00:00:00-04:00   27.017460  34.500000   17.194668   0.469894   \n",
      "2015-07-10 00:00:00-04:00   27.739756  34.689999   17.276667   0.478125   \n",
      "...                               ...        ...         ...        ...   \n",
      "2023-12-22 00:00:00-05:00  193.091385  61.840000  252.539993  48.823704   \n",
      "2023-12-26 00:00:00-05:00  192.542816  62.560001  256.609985  49.272640   \n",
      "2023-12-27 00:00:00-05:00  192.642548  62.680000  261.440002  49.410622   \n",
      "2023-12-28 00:00:00-05:00  193.071426  63.080002  253.179993  49.515610   \n",
      "2023-12-29 00:00:00-05:00  192.024185  61.410000  248.479996  49.515610   \n",
      "\n",
      "                                  AMD        META       INTC  \n",
      "Date                                                          \n",
      "2015-07-06 00:00:00-04:00    2.470000   87.370461  23.529060  \n",
      "2015-07-07 00:00:00-04:00    2.090000   87.041138  23.419405  \n",
      "2015-07-08 00:00:00-04:00    2.010000   85.474358  23.106094  \n",
      "2015-07-09 00:00:00-04:00    1.980000   85.703880  22.659639  \n",
      "2015-07-10 00:00:00-04:00    1.960000   87.769638  22.847626  \n",
      "...                               ...         ...        ...  \n",
      "2023-12-22 00:00:00-05:00  139.600006  352.665314  47.666107  \n",
      "2023-12-26 00:00:00-05:00  143.410004  354.102325  50.148716  \n",
      "2023-12-27 00:00:00-05:00  146.070007  357.096191  50.406906  \n",
      "2023-12-28 00:00:00-05:00  148.759995  357.585205  50.039482  \n",
      "2023-12-29 00:00:00-05:00  147.410004  353.234131  49.900455  \n",
      "\n",
      "[2138 rows x 7 columns]\n"
     ]
    }
   ],
   "source": [
    "\n",
    "import pandas as pd\n",
    "\n",
    "# Define the ticker symbols\n",
    "tickers = [\"AAPL\", \"PYPL\", \"TSLA\", \"NVDA\", \"AMD\", \"META\", \"INTC\"]\n",
    "\n",
    "# Start and end dates for the data\n",
    "start_date = '2010-01-01'\n",
    "end_date = '2024-01-01'\n",
    "\n",
    "# Initialize an empty DataFrame to hold the close prices\n",
    "close_prices = pd.DataFrame()\n",
    "\n",
    "# Fetch the historical closing prices for each ticker\n",
    "for ticker in tickers:\n",
    "    data = yf.Ticker(ticker).history(start=start_date, end=end_date)['Close']\n",
    "    close_prices[ticker] = data  # Appends the close price column with the ticker as the column name\n",
    "\n",
    "# Ensure all data have the same dates\n",
    "close_prices = close_prices.dropna(how='any')\n",
    "\n",
    "print(close_prices)\n"
   ]
  },
  {
   "cell_type": "code",
   "execution_count": 12,
   "id": "20a37220",
   "metadata": {},
   "outputs": [
    {
     "name": "stdout",
     "output_type": "stream",
     "text": [
      "                  AAPL       PYPL        TSLA       NVDA         AMD  \\\n",
      "Date                                                                   \n",
      "2023-12-22  193.091385  61.840000  252.539993  48.823704  139.600006   \n",
      "2023-12-26  192.542816  62.560001  256.609985  49.272640  143.410004   \n",
      "2023-12-27  192.642548  62.680000  261.440002  49.410622  146.070007   \n",
      "2023-12-28  193.071426  63.080002  253.179993  49.515610  148.759995   \n",
      "2023-12-29  192.024185  61.410000  248.479996  49.515610  147.410004   \n",
      "\n",
      "                  META       INTC  \n",
      "Date                               \n",
      "2023-12-22  352.665314  47.666107  \n",
      "2023-12-26  354.102325  50.148716  \n",
      "2023-12-27  357.096191  50.406906  \n",
      "2023-12-28  357.585205  50.039482  \n",
      "2023-12-29  353.234131  49.900455  \n"
     ]
    }
   ],
   "source": [
    "# Convert the index to datetime \n",
    "if not isinstance(close_prices.index, pd.DatetimeIndex):\n",
    "    close_prices.index = pd.to_datetime(close_prices.index)\n",
    "\n",
    "# Normalize the date format to 'YYYY-MM-DD' without time and time zone\n",
    "close_prices.index = close_prices.index.normalize()\n",
    "\n",
    "#  remove timezone info and just keep the date\n",
    "close_prices.index = close_prices.index.tz_localize(None)\n",
    "\n",
    "# The DataFrame 'close_prices' now has dates formatted as 'YYYY-MM-DD'\n",
    "print(close_prices.tail())"
   ]
  },
  {
   "cell_type": "code",
   "execution_count": 13,
   "id": "79ecf30c",
   "metadata": {},
   "outputs": [
    {
     "name": "stdout",
     "output_type": "stream",
     "text": [
      "                AAPL      PYPL      TSLA      NVDA       AMD      META  \\\n",
      "Date                                                                     \n",
      "2015-07-07 -0.002460 -0.002452 -0.042328 -0.018840 -0.153846 -0.003769   \n",
      "2015-07-08 -0.024823 -0.052430 -0.048231 -0.007074 -0.038277 -0.018000   \n",
      "2015-07-09 -0.020397 -0.005764  0.011610 -0.012214 -0.014925  0.002685   \n",
      "2015-07-10  0.026734  0.005507  0.004769  0.017516 -0.010101  0.024103   \n",
      "2015-07-13  0.019306  0.060248  0.011615  0.006582  0.000000  0.024446   \n",
      "\n",
      "                INTC  \n",
      "Date                  \n",
      "2015-07-07 -0.004660  \n",
      "2015-07-08 -0.013378  \n",
      "2015-07-09 -0.019322  \n",
      "2015-07-10  0.008296  \n",
      "2015-07-13  0.019198  \n"
     ]
    }
   ],
   "source": [
    "# Calculate Returns\n",
    "returns_daily = close_prices.pct_change().dropna()\n",
    "print(returns_daily.head())\n",
    "\n"
   ]
  },
  {
   "cell_type": "code",
   "execution_count": 14,
   "id": "9b012d96",
   "metadata": {},
   "outputs": [
    {
     "name": "stdout",
     "output_type": "stream",
     "text": [
      "                AAPL      PYPL      TSLA      NVDA       AMD      META  \\\n",
      "Date                                                                     \n",
      "2015-07-01 -0.002460 -0.002452 -0.042328 -0.018840 -0.153846 -0.003769   \n",
      "2015-08-03 -0.023578  0.017829 -0.023145  0.017043  0.139896  0.001383   \n",
      "2015-09-01 -0.044697 -0.035143 -0.041877 -0.040925 -0.055249 -0.024600   \n",
      "2015-10-01 -0.006528  0.014175 -0.034300 -0.019473  0.011628  0.011680   \n",
      "2015-11-02  0.014059  0.027215  0.033151  0.011632  0.033019  0.013141   \n",
      "\n",
      "                INTC  \n",
      "Date                  \n",
      "2015-07-01 -0.004660  \n",
      "2015-08-03  0.003454  \n",
      "2015-09-01 -0.025228  \n",
      "2015-10-01 -0.004645  \n",
      "2015-11-02  0.007384  \n"
     ]
    }
   ],
   "source": [
    "\n",
    "#Create a DataFrame contains data from the first dat of each month\n",
    "monthly_df = returns_daily.resample('BMS').first().dropna()\n",
    "print(monthly_df.head())"
   ]
  },
  {
   "cell_type": "code",
   "execution_count": 16,
   "id": "1a95163a",
   "metadata": {},
   "outputs": [
    {
     "name": "stdout",
     "output_type": "stream",
     "text": [
      "                AAPL       PYPL      TSLA      NVDA        AMD       META  \\\n",
      "Date                                                                        \n",
      "2023-08-01 -0.450737  -1.186302 -1.344896 -2.810525   0.668219  -4.856162   \n",
      "2023-09-01 -2.979379  -5.433445  1.129487  2.608078   0.261327  -0.871630   \n",
      "2023-10-02  0.752892  -0.899123 -1.108902 -2.720716  -0.875955  12.296048   \n",
      "2023-11-01  0.263101  -2.579957  3.351499  0.284503  21.129939   0.594971   \n",
      "2023-12-01 -0.637577 -14.101955 -1.216948 -1.002823  -0.980400  -1.202803   \n",
      "\n",
      "                 INTC  \n",
      "Date                   \n",
      "2023-08-01  -0.844193  \n",
      "2023-09-01  48.879237  \n",
      "2023-10-02  -1.060518  \n",
      "2023-11-01  -9.549371  \n",
      "2023-12-01  -1.992262  \n"
     ]
    }
   ],
   "source": [
    "# Calculate Returns monthly\n",
    "\n",
    "returns_monthly = monthly_df.pct_change().dropna()\n",
    "print(returns_monthly.tail())"
   ]
  },
  {
   "cell_type": "code",
   "execution_count": 17,
   "id": "2637ee8b",
   "metadata": {},
   "outputs": [
    {
     "name": "stdout",
     "output_type": "stream",
     "text": [
      "2015-08-03 00:00:00 \n",
      "           AAPL      PYPL      TSLA      NVDA       AMD      META      INTC\n",
      "AAPL  0.000755  0.000312  0.000486  0.000543 -0.000132  0.000470  0.000462\n",
      "PYPL  0.000312  0.000442  0.000462  0.000438  0.000402  0.000325  0.000291\n",
      "TSLA  0.000486  0.000462  0.001415  0.000401  0.000130  0.000631  0.000375\n",
      "NVDA  0.000543  0.000438  0.000401  0.001376  0.000319  0.000473  0.000434\n",
      "AMD  -0.000132  0.000402  0.000130  0.000319  0.002240  0.000319  0.000229\n",
      "META  0.000470  0.000325  0.000631  0.000473  0.000319  0.000619  0.000385\n",
      "INTC  0.000462  0.000291  0.000375  0.000434  0.000229  0.000385  0.000441\n",
      "2015-09-01 00:00:00 \n",
      "           AAPL      PYPL      TSLA      NVDA       AMD      META      INTC\n",
      "AAPL  0.000436  0.000371  0.000310  0.000309  0.000312  0.000301  0.000195\n",
      "PYPL  0.000371  0.000600  0.000332  0.000266  0.000197  0.000330  0.000205\n",
      "TSLA  0.000310  0.000332  0.000386  0.000277  0.000288  0.000282  0.000171\n",
      "NVDA  0.000309  0.000266  0.000277  0.000438  0.000395  0.000252  0.000294\n",
      "AMD   0.000312  0.000197  0.000288  0.000395  0.001479  0.000267  0.000323\n",
      "META  0.000301  0.000330  0.000282  0.000252  0.000267  0.000384  0.000130\n",
      "INTC  0.000195  0.000205  0.000171  0.000294  0.000323  0.000130  0.000283\n",
      "2015-10-01 00:00:00 \n",
      "           AAPL      PYPL      TSLA      NVDA       AMD      META      INTC\n",
      "AAPL  0.000265 -0.000007 -0.000018 -0.000014  0.000120  0.000042  0.000017\n",
      "PYPL -0.000007  0.000409  0.000201  0.000116  0.000007  0.000091  0.000054\n",
      "TSLA -0.000018  0.000201  0.000612  0.000084  0.000032  0.000174  0.000050\n",
      "NVDA -0.000014  0.000116  0.000084  0.000294  0.000047  0.000005  0.000176\n",
      "AMD   0.000120  0.000007  0.000032  0.000047  0.000589 -0.000013  0.000108\n",
      "META  0.000042  0.000091  0.000174  0.000005 -0.000013  0.000179  0.000048\n",
      "INTC  0.000017  0.000054  0.000050  0.000176  0.000108  0.000048  0.000175\n",
      "2015-11-02 00:00:00 \n",
      "           AAPL      PYPL      TSLA      NVDA       AMD      META      INTC\n",
      "AAPL  0.000215  0.000107  0.000169  0.000166  0.000298  0.000054  0.000090\n",
      "PYPL  0.000107  0.000313  0.000074  0.000018  0.000107  0.000044  0.000083\n",
      "TSLA  0.000169  0.000074  0.001207  0.000068  0.000096  0.000190  0.000100\n",
      "NVDA  0.000166  0.000018  0.000068  0.001129  0.000007 -0.000097  0.000020\n",
      "AMD   0.000298  0.000107  0.000096  0.000007  0.000954  0.000069  0.000144\n",
      "META  0.000054  0.000044  0.000190 -0.000097  0.000069  0.000310  0.000023\n",
      "INTC  0.000090  0.000083  0.000100  0.000020  0.000144  0.000023  0.000139\n",
      "2015-12-01 00:00:00 \n",
      "           AAPL      PYPL      TSLA      NVDA       AMD      META      INTC\n",
      "AAPL  0.000233  0.000187  0.000119  0.000193  0.000287  0.000146  0.000143\n",
      "PYPL  0.000187  0.000360  0.000050  0.000234  0.000269  0.000156  0.000212\n",
      "TSLA  0.000119  0.000050  0.000460  0.000133  0.000277  0.000204  0.000098\n",
      "NVDA  0.000193  0.000234  0.000133  0.000283  0.000192  0.000195  0.000158\n",
      "AMD   0.000287  0.000269  0.000277  0.000192  0.001247  0.000300  0.000270\n",
      "META  0.000146  0.000156  0.000204  0.000195  0.000300  0.000244  0.000142\n",
      "INTC  0.000143  0.000212  0.000098  0.000158  0.000270  0.000142  0.000195\n",
      "2016-01-01 00:00:00 \n",
      "           AAPL      PYPL      TSLA      NVDA       AMD      META      INTC\n",
      "AAPL  0.000755  0.000426  0.000291  0.000384  0.000321  0.000631  0.000439\n",
      "PYPL  0.000426  0.000902  0.000460  0.000312  0.000632  0.001145  0.000446\n",
      "TSLA  0.000291  0.000460  0.000544  0.000210  0.000383  0.000554  0.000238\n",
      "NVDA  0.000384  0.000312  0.000210  0.000630  0.000965  0.000367  0.000533\n",
      "AMD   0.000321  0.000632  0.000383  0.000965  0.004457  0.000397  0.000958\n",
      "META  0.000631  0.001145  0.000554  0.000367  0.000397  0.001905  0.000577\n",
      "INTC  0.000439  0.000446  0.000238  0.000533  0.000958  0.000577  0.000754\n",
      "2016-02-01 00:00:00 \n",
      "           AAPL      PYPL      TSLA      NVDA       AMD      META      INTC\n",
      "AAPL  0.000218  0.000171  0.000245  0.000144  0.000293  0.000100  0.000159\n",
      "PYPL  0.000171  0.000579  0.000754  0.000404  0.000393  0.000384  0.000219\n",
      "TSLA  0.000245  0.000754  0.002152  0.000853  0.000932  0.000795  0.000555\n",
      "NVDA  0.000144  0.000404  0.000853  0.001052  0.000544  0.000326  0.000261\n",
      "AMD   0.000293  0.000393  0.000932  0.000544  0.001011  0.000283  0.000366\n",
      "META  0.000100  0.000384  0.000795  0.000326  0.000283  0.000503  0.000159\n",
      "INTC  0.000159  0.000219  0.000555  0.000261  0.000366  0.000159  0.000270\n",
      "2016-03-01 00:00:00 \n",
      "           AAPL      PYPL      TSLA      NVDA       AMD      META      INTC\n",
      "AAPL  0.000148  0.000109 -0.000056  0.000101  0.000014  0.000078  0.000075\n",
      "PYPL  0.000109  0.000338  0.000025  0.000095  0.000110  0.000099  0.000066\n",
      "TSLA -0.000056  0.000025  0.000524 -0.000099  0.000402 -0.000050 -0.000014\n",
      "NVDA  0.000101  0.000095 -0.000099  0.000223  0.000225  0.000108  0.000086\n",
      "AMD   0.000014  0.000110  0.000402  0.000225  0.002572  0.000057  0.000189\n",
      "META  0.000078  0.000099 -0.000050  0.000108  0.000057  0.000142  0.000038\n",
      "INTC  0.000075  0.000066 -0.000014  0.000086  0.000189  0.000038  0.000120\n",
      "2016-04-01 00:00:00 \n",
      "           AAPL      PYPL      TSLA      NVDA       AMD      META      INTC\n",
      "AAPL  0.000318  0.000026  0.000167  0.000019  0.000173 -0.000096  0.000026\n",
      "PYPL  0.000026  0.000217  0.000150  0.000096  0.000384  0.000046  0.000109\n",
      "TSLA  0.000167  0.000150  0.000528  0.000108  0.000743 -0.000111  0.000070\n",
      "NVDA  0.000019  0.000096  0.000108  0.000167  0.000032 -0.000116  0.000094\n",
      "AMD   0.000173  0.000384  0.000743  0.000032  0.015166 -0.000900  0.000016\n",
      "META -0.000096  0.000046 -0.000111 -0.000116 -0.000900  0.000454 -0.000028\n",
      "INTC  0.000026  0.000109  0.000070  0.000094  0.000016 -0.000028  0.000113\n",
      "2016-05-02 00:00:00 \n",
      "           AAPL      PYPL      TSLA      NVDA       AMD      META      INTC\n",
      "AAPL  0.000166  0.000014  0.000062  0.000078  0.000092 -0.000015  0.000081\n",
      "PYPL  0.000014  0.000167 -0.000070  0.000045  0.000121  0.000038  0.000069\n",
      "TSLA  0.000062 -0.000070  0.000504  0.000221  0.000150  0.000072  0.000098\n",
      "NVDA  0.000078  0.000045  0.000221  0.001182  0.000234 -0.000011  0.000115\n",
      "AMD   0.000092  0.000121  0.000150  0.000234  0.000649  0.000053  0.000162\n",
      "META -0.000015  0.000038  0.000072 -0.000011  0.000053  0.000075  0.000042\n",
      "INTC  0.000081  0.000069  0.000098  0.000115  0.000162  0.000042  0.000113\n",
      "2016-06-01 00:00:00 \n",
      "           AAPL      PYPL      TSLA      NVDA       AMD      META      INTC\n",
      "AAPL  0.000133  0.000104  0.000097  0.000132  0.000214  0.000126  0.000121\n",
      "PYPL  0.000104  0.000280  0.000051  0.000197  0.000258  0.000173  0.000205\n",
      "TSLA  0.000097  0.000051  0.001000  0.000131  0.000550  0.000076  0.000084\n",
      "NVDA  0.000132  0.000197  0.000131  0.000340  0.000240  0.000150  0.000203\n",
      "AMD   0.000214  0.000258  0.000550  0.000240  0.002531  0.000281  0.000282\n",
      "META  0.000126  0.000173  0.000076  0.000150  0.000281  0.000195  0.000140\n",
      "INTC  0.000121  0.000205  0.000084  0.000203  0.000282  0.000140  0.000243\n",
      "2016-07-01 00:00:00 \n",
      "           AAPL          PYPL      TSLA      NVDA       AMD          META  \\\n",
      "AAPL  0.000268  8.237783e-06 -0.000019 -0.000068 -0.000216  8.073829e-05   \n",
      "PYPL  0.000008  4.172274e-04  0.000031  0.000052 -0.000346  9.695650e-07   \n",
      "TSLA -0.000019  3.103385e-05  0.000283  0.000103  0.000377  5.477036e-05   \n",
      "NVDA -0.000068  5.170975e-05  0.000103  0.000213  0.000281  1.297675e-05   \n",
      "AMD  -0.000216 -3.457418e-04  0.000377  0.000281  0.002232  9.041459e-05   \n",
      "META  0.000081  9.695650e-07  0.000055  0.000013  0.000090  1.003043e-04   \n",
      "INTC -0.000014  4.743464e-05  0.000101  0.000145  0.000175  3.693233e-05   \n",
      "\n",
      "          INTC  \n",
      "AAPL -0.000014  \n",
      "PYPL  0.000047  \n",
      "TSLA  0.000101  \n",
      "NVDA  0.000145  \n",
      "AMD   0.000175  \n",
      "META  0.000037  \n",
      "INTC  0.000164  \n",
      "2016-08-01 00:00:00 \n",
      "           AAPL      PYPL      TSLA      NVDA       AMD      META      INTC\n",
      "AAPL  0.000067  0.000029  0.000018  0.000036  0.000081  0.000009  0.000022\n",
      "PYPL  0.000029  0.000072  0.000052  0.000069  0.000110  0.000024  0.000025\n",
      "TSLA  0.000018  0.000052  0.000117  0.000066  0.000170  0.000012  0.000014\n",
      "NVDA  0.000036  0.000069  0.000066  0.000253  0.000255  0.000018  0.000024\n",
      "AMD   0.000081  0.000110  0.000170  0.000255  0.000926  0.000030  0.000089\n",
      "META  0.000009  0.000024  0.000012  0.000018  0.000030  0.000042  0.000014\n",
      "INTC  0.000022  0.000025  0.000014  0.000024  0.000089  0.000014  0.000040\n",
      "2016-09-01 00:00:00 \n",
      "           AAPL      PYPL      TSLA      NVDA       AMD      META      INTC\n",
      "AAPL  0.000276  0.000145  0.000088  0.000111  0.000206  0.000076  0.000093\n",
      "PYPL  0.000145  0.000278  0.000066  0.000107 -0.000119  0.000087  0.000091\n",
      "TSLA  0.000088  0.000066  0.000367  0.000038  0.000147  0.000084  0.000117\n",
      "NVDA  0.000111  0.000107  0.000038  0.000401  0.000334  0.000122  0.000194\n",
      "AMD   0.000206 -0.000119  0.000147  0.000334  0.001293  0.000080  0.000166\n",
      "META  0.000076  0.000087  0.000084  0.000122  0.000080  0.000118  0.000110\n",
      "INTC  0.000093  0.000091  0.000117  0.000194  0.000166  0.000110  0.000195\n",
      "2016-10-03 00:00:00 \n",
      "           AAPL      PYPL      TSLA      NVDA       AMD      META      INTC\n",
      "AAPL  0.000065  0.000007 -0.000005  0.000033  0.000136  0.000017  0.000019\n",
      "PYPL  0.000007  0.000606  0.000049 -0.000003 -0.000271  0.000118 -0.000041\n",
      "TSLA -0.000005  0.000049  0.000394  0.000056  0.000019  0.000044 -0.000078\n",
      "NVDA  0.000033 -0.000003  0.000056  0.000219  0.000366  0.000038  0.000052\n",
      "AMD   0.000136 -0.000271  0.000019  0.000366  0.001218  0.000037  0.000088\n",
      "META  0.000017  0.000118  0.000044  0.000038  0.000037  0.000064 -0.000013\n",
      "INTC  0.000019 -0.000041 -0.000078  0.000052  0.000088 -0.000013  0.000216\n",
      "2016-11-01 00:00:00 \n",
      "           AAPL      PYPL      TSLA      NVDA       AMD      META      INTC\n",
      "AAPL  0.000172  0.000106  0.000137  0.000391  0.000382  0.000152  0.000077\n",
      "PYPL  0.000106  0.000135  0.000108  0.000085  0.000283  0.000152  0.000053\n",
      "TSLA  0.000137  0.000108  0.000448  0.000585  0.000323  0.000150  0.000106\n",
      "NVDA  0.000391  0.000085  0.000585  0.004879  0.001486  0.000057  0.000207\n",
      "AMD   0.000382  0.000283  0.000323  0.001486  0.002051  0.000288  0.000160\n",
      "META  0.000152  0.000152  0.000150  0.000057  0.000288  0.000406  0.000099\n",
      "INTC  0.000077  0.000053  0.000106  0.000207  0.000160  0.000099  0.000114\n",
      "2016-12-01 00:00:00 \n",
      "           AAPL      PYPL      TSLA      NVDA       AMD      META      INTC\n",
      "AAPL  0.000056  0.000030  0.000049  0.000074  0.000103  0.000056  0.000058\n",
      "PYPL  0.000030  0.000074  0.000076  0.000165  0.000146  0.000067  0.000068\n",
      "TSLA  0.000049  0.000076  0.000386  0.000355  0.000137  0.000132  0.000126\n",
      "NVDA  0.000074  0.000165  0.000355  0.001146  0.000526  0.000198  0.000177\n",
      "AMD   0.000103  0.000146  0.000137  0.000526  0.001282  0.000144  0.000249\n",
      "META  0.000056  0.000067  0.000132  0.000198  0.000144  0.000123  0.000091\n",
      "INTC  0.000058  0.000068  0.000126  0.000177  0.000249  0.000091  0.000146\n",
      "2017-01-02 00:00:00 \n",
      "               AAPL          PYPL      TSLA      NVDA       AMD      META  \\\n",
      "AAPL  2.748661e-05 -7.380978e-07 -0.000021  0.000003 -0.000012  0.000025   \n",
      "PYPL -7.380978e-07  1.183396e-04  0.000083 -0.000043  0.000027  0.000053   \n",
      "TSLA -2.053644e-05  8.250983e-05  0.000221  0.000122  0.000123  0.000052   \n",
      "NVDA  2.895658e-06 -4.306727e-05  0.000122  0.000441  0.000285  0.000015   \n",
      "AMD  -1.246610e-05  2.676659e-05  0.000123  0.000285  0.000637  0.000047   \n",
      "META  2.547449e-05  5.277474e-05  0.000052  0.000015  0.000047  0.000096   \n",
      "INTC  1.555075e-05  1.527768e-05  0.000021  0.000018  0.000098  0.000020   \n",
      "\n",
      "          INTC  \n",
      "AAPL  0.000016  \n",
      "PYPL  0.000015  \n",
      "TSLA  0.000021  \n",
      "NVDA  0.000018  \n",
      "AMD   0.000098  \n",
      "META  0.000020  \n",
      "INTC  0.000087  \n",
      "2017-02-01 00:00:00 \n",
      "           AAPL      PYPL      TSLA      NVDA       AMD      META      INTC\n",
      "AAPL  0.000194 -0.000032  0.000032  0.000204  0.000485  0.000072 -0.000029\n",
      "PYPL -0.000032  0.000091  0.000067 -0.000015 -0.000120 -0.000005  0.000044\n",
      "TSLA  0.000032  0.000067  0.000668  0.000189 -0.000052 -0.000018 -0.000034\n",
      "NVDA  0.000204 -0.000015  0.000189  0.000988  0.000949  0.000106 -0.000033\n",
      "AMD   0.000485 -0.000120 -0.000052  0.000949  0.002703  0.000284 -0.000109\n",
      "META  0.000072 -0.000005 -0.000018  0.000106  0.000284  0.000089 -0.000025\n",
      "INTC -0.000029  0.000044 -0.000034 -0.000033 -0.000109 -0.000025  0.000079\n",
      "2017-03-01 00:00:00 \n",
      "           AAPL      PYPL      TSLA      NVDA       AMD      META      INTC\n",
      "AAPL  0.000064  0.000024  0.000042  0.000055  0.000097  0.000032  0.000012\n",
      "PYPL  0.000024  0.000057 -0.000004  0.000037 -0.000012  0.000015  0.000019\n",
      "TSLA  0.000042 -0.000004  0.000341  0.000085  0.000018  0.000033  0.000031\n",
      "NVDA  0.000055  0.000037  0.000085  0.000274  0.000368  0.000037  0.000018\n",
      "AMD   0.000097 -0.000012  0.000018  0.000368  0.001040  0.000065  0.000034\n",
      "META  0.000032  0.000015  0.000033  0.000037  0.000065  0.000026 -0.000002\n",
      "INTC  0.000012  0.000019  0.000031  0.000018  0.000034 -0.000002  0.000052\n",
      "2017-04-03 00:00:00 \n",
      "           AAPL      PYPL      TSLA      NVDA       AMD      META      INTC\n",
      "AAPL  0.000035  0.000026  0.000009  0.000015  0.000048  0.000023  0.000020\n",
      "PYPL  0.000026  0.000228 -0.000050  0.000105  0.000121  0.000053  0.000040\n",
      "TSLA  0.000009 -0.000050  0.000590 -0.000125 -0.000092  0.000011 -0.000040\n",
      "NVDA  0.000015  0.000105 -0.000125  0.000489  0.000344  0.000070  0.000076\n",
      "AMD   0.000048  0.000121 -0.000092  0.000344  0.000665  0.000078  0.000143\n",
      "META  0.000023  0.000053  0.000011  0.000070  0.000078  0.000052 -0.000006\n",
      "INTC  0.000020  0.000040 -0.000040  0.000076  0.000143 -0.000006  0.000106\n",
      "2017-05-01 00:00:00 \n",
      "           AAPL      PYPL      TSLA      NVDA       AMD      META      INTC\n",
      "AAPL  0.000148  0.000021  0.000132  0.000071  0.000155  0.000089  0.000034\n",
      "PYPL  0.000021  0.000132  0.000052  0.000107 -0.000104  0.000040  0.000064\n",
      "TSLA  0.000132  0.000052  0.000652  0.000245  0.000589  0.000122  0.000018\n",
      "NVDA  0.000071  0.000107  0.000245  0.001966  0.001580  0.000142 -0.000017\n",
      "AMD   0.000155 -0.000104  0.000589  0.001580  0.004510  0.000175 -0.000093\n",
      "META  0.000089  0.000040  0.000122  0.000142  0.000175  0.000106  0.000050\n",
      "INTC  0.000034  0.000064  0.000018 -0.000017 -0.000093  0.000050  0.000069\n",
      "2017-06-01 00:00:00 \n",
      "           AAPL      PYPL      TSLA      NVDA       AMD      META      INTC\n",
      "AAPL  0.000205  0.000161  0.000142  0.000223  0.000245  0.000147  0.000094\n",
      "PYPL  0.000161  0.000209  0.000147  0.000257  0.000229  0.000136  0.000090\n",
      "TSLA  0.000142  0.000147  0.000446  0.000420  0.000447  0.000179  0.000115\n",
      "NVDA  0.000223  0.000257  0.000420  0.000821  0.000634  0.000253  0.000188\n",
      "AMD   0.000245  0.000229  0.000447  0.000634  0.001636  0.000213  0.000057\n",
      "META  0.000147  0.000136  0.000179  0.000253  0.000213  0.000154  0.000089\n",
      "INTC  0.000094  0.000090  0.000115  0.000188  0.000057  0.000089  0.000090\n",
      "2017-07-03 00:00:00 \n",
      "           AAPL          PYPL          TSLA      NVDA       AMD      META  \\\n",
      "AAPL  0.000063  2.234061e-05  9.380992e-05  0.000058  0.000093  0.000005   \n",
      "PYPL  0.000022  2.908579e-04 -7.891394e-08  0.000120  0.000135  0.000138   \n",
      "TSLA  0.000094 -7.891394e-08  8.554541e-04  0.000168  0.000073  0.000131   \n",
      "NVDA  0.000058  1.198892e-04  1.682888e-04  0.000477  0.000494  0.000110   \n",
      "AMD   0.000093  1.347655e-04  7.333805e-05  0.000494  0.001065  0.000093   \n",
      "META  0.000005  1.383225e-04  1.309231e-04  0.000110  0.000093  0.000157   \n",
      "INTC  0.000007  6.679620e-05 -2.294110e-06  0.000076  0.000144  0.000053   \n",
      "\n",
      "          INTC  \n",
      "AAPL  0.000007  \n",
      "PYPL  0.000067  \n",
      "TSLA -0.000002  \n",
      "NVDA  0.000076  \n",
      "AMD   0.000144  \n",
      "META  0.000053  \n",
      "INTC  0.000094  \n",
      "2017-08-01 00:00:00 \n",
      "           AAPL      PYPL      TSLA      NVDA       AMD      META      INTC\n",
      "AAPL  0.000216  0.000099  0.000085  0.000135  0.000123  0.000081  0.000059\n",
      "PYPL  0.000099  0.000140  0.000009  0.000160  0.000156  0.000092  0.000039\n",
      "TSLA  0.000085  0.000009  0.000477  0.000194  0.000150  0.000048  0.000050\n",
      "NVDA  0.000135  0.000160  0.000194  0.000679  0.000396  0.000158  0.000137\n",
      "AMD   0.000123  0.000156  0.000150  0.000396  0.000613  0.000171  0.000085\n",
      "META  0.000081  0.000092  0.000048  0.000158  0.000171  0.000091  0.000040\n",
      "INTC  0.000059  0.000039  0.000050  0.000137  0.000085  0.000040  0.000078\n",
      "2017-09-01 00:00:00 \n",
      "           AAPL      PYPL      TSLA      NVDA       AMD      META      INTC\n",
      "AAPL  0.000107  0.000031  0.000104  0.000165  0.000069  0.000087  0.000049\n",
      "PYPL  0.000031  0.000122  0.000099  0.000136  0.000186  0.000104  0.000019\n",
      "TSLA  0.000104  0.000099  0.000486  0.000278  0.000217  0.000065  0.000053\n",
      "NVDA  0.000165  0.000136  0.000278  0.000602  0.000427  0.000201  0.000083\n",
      "AMD   0.000069  0.000186  0.000217  0.000427  0.000613  0.000174  0.000033\n",
      "META  0.000087  0.000104  0.000065  0.000201  0.000174  0.000201  0.000046\n",
      "INTC  0.000049  0.000019  0.000053  0.000083  0.000033  0.000046  0.000058\n",
      "2017-10-02 00:00:00 \n",
      "           AAPL      PYPL      TSLA      NVDA       AMD      META      INTC\n",
      "AAPL  0.000139 -0.000014  0.000009  0.000078 -0.000025  0.000110  0.000121\n",
      "PYPL -0.000014  0.000264 -0.000007 -0.000058 -0.000040  0.000022 -0.000025\n",
      "TSLA  0.000009 -0.000007  0.000395  0.000041  0.000271 -0.000003 -0.000017\n",
      "NVDA  0.000078 -0.000058  0.000041  0.000139  0.000192  0.000069  0.000092\n",
      "AMD  -0.000025 -0.000040  0.000271  0.000192  0.001437 -0.000018  0.000043\n",
      "META  0.000110  0.000022 -0.000003  0.000069 -0.000018  0.000147  0.000123\n",
      "INTC  0.000121 -0.000025 -0.000017  0.000092  0.000043  0.000123  0.000294\n",
      "2017-11-01 00:00:00 \n",
      "           AAPL      PYPL      TSLA      NVDA       AMD      META      INTC\n",
      "AAPL  0.000140  0.000182  0.000079  0.000122  0.000131  0.000060  0.000023\n",
      "PYPL  0.000182  0.000495  0.000161  0.000311  0.000243  0.000201  0.000137\n",
      "TSLA  0.000079  0.000161  0.000558  0.000108  0.000059  0.000152 -0.000053\n",
      "NVDA  0.000122  0.000311  0.000108  0.000513  0.000284  0.000165  0.000057\n",
      "AMD   0.000131  0.000243  0.000059  0.000284  0.000640  0.000095  0.000036\n",
      "META  0.000060  0.000201  0.000152  0.000165  0.000095  0.000151  0.000080\n",
      "INTC  0.000023  0.000137 -0.000053  0.000057  0.000036  0.000080  0.000152\n",
      "2017-12-01 00:00:00 \n",
      "           AAPL      PYPL      TSLA      NVDA       AMD      META      INTC\n",
      "AAPL  0.000090  0.000033  0.000086  0.000082  0.000143  0.000040  0.000063\n",
      "PYPL  0.000033  0.000263  0.000097  0.000216  0.000236  0.000126  0.000009\n",
      "TSLA  0.000086  0.000097  0.000383  0.000045  0.000047  0.000027  0.000005\n",
      "NVDA  0.000082  0.000216  0.000045  0.000386  0.000392  0.000128  0.000119\n",
      "AMD   0.000143  0.000236  0.000047  0.000392  0.000679  0.000158  0.000226\n",
      "META  0.000040  0.000126  0.000027  0.000128  0.000158  0.000116  0.000009\n",
      "INTC  0.000063  0.000009  0.000005  0.000119  0.000226  0.000009  0.000210\n",
      "2018-01-01 00:00:00 \n",
      "           AAPL      PYPL      TSLA      NVDA       AMD      META      INTC\n",
      "AAPL  0.000103  0.000062  0.000053  0.000043  0.000109  0.000025  0.000067\n",
      "PYPL  0.000062  0.000147  0.000011  0.000141  0.000107  0.000049  0.000037\n",
      "TSLA  0.000053  0.000011  0.000377  0.000147  0.000314  0.000051  0.000183\n",
      "NVDA  0.000043  0.000141  0.000147  0.000361  0.000398  0.000153  0.000111\n",
      "AMD   0.000109  0.000107  0.000314  0.000398  0.000996  0.000157  0.000215\n",
      "META  0.000025  0.000049  0.000051  0.000153  0.000157  0.000267  0.000105\n",
      "INTC  0.000067  0.000037  0.000183  0.000111  0.000215  0.000105  0.000842\n",
      "2018-02-01 00:00:00 \n",
      "           AAPL      PYPL      TSLA      NVDA       AMD      META      INTC\n",
      "AAPL  0.000520  0.000316  0.000345  0.000496  0.000519  0.000367  0.000400\n",
      "PYPL  0.000316  0.000728  0.000379  0.000617  0.000507  0.000216  0.000428\n",
      "TSLA  0.000345  0.000379  0.000851  0.000496  0.000466  0.000274  0.000431\n",
      "NVDA  0.000496  0.000617  0.000496  0.001297  0.000795  0.000563  0.000653\n",
      "AMD   0.000519  0.000507  0.000466  0.000795  0.000954  0.000405  0.000627\n",
      "META  0.000367  0.000216  0.000274  0.000563  0.000405  0.000619  0.000412\n",
      "INTC  0.000400  0.000428  0.000431  0.000653  0.000627  0.000412  0.000598\n",
      "2018-03-01 00:00:00 \n",
      "           AAPL      PYPL      TSLA      NVDA       AMD      META      INTC\n",
      "AAPL  0.000278  0.000201  0.000262  0.000399  0.000009  0.000190  0.000312\n",
      "PYPL  0.000201  0.000331  0.000234  0.000433  0.000075  0.000300  0.000323\n",
      "TSLA  0.000262  0.000234  0.001027  0.000669  0.000351  0.000373  0.000427\n",
      "NVDA  0.000399  0.000433  0.000669  0.000959  0.000190  0.000510  0.000627\n",
      "AMD   0.000009  0.000075  0.000351  0.000190  0.000417  0.000275  0.000171\n",
      "META  0.000190  0.000300  0.000373  0.000510  0.000275  0.000645  0.000342\n",
      "INTC  0.000312  0.000323  0.000427  0.000627  0.000171  0.000342  0.000645\n",
      "2018-04-02 00:00:00 \n",
      "           AAPL      PYPL      TSLA      NVDA       AMD      META      INTC\n",
      "AAPL  0.000260  0.000206  0.000199  0.000207  0.000242  0.000132  0.000198\n",
      "PYPL  0.000206  0.000391  0.000162  0.000289  0.000494  0.000353  0.000268\n",
      "TSLA  0.000199  0.000162  0.001267  0.000271  0.000490  0.000343  0.000291\n",
      "NVDA  0.000207  0.000289  0.000271  0.000662  0.000774  0.000386  0.000518\n",
      "AMD   0.000242  0.000494  0.000490  0.000774  0.001616  0.000858  0.000709\n",
      "META  0.000132  0.000353  0.000343  0.000386  0.000858  0.000721  0.000338\n",
      "INTC  0.000198  0.000268  0.000291  0.000518  0.000709  0.000338  0.000543\n",
      "2018-05-01 00:00:00 \n",
      "           AAPL      PYPL      TSLA      NVDA       AMD      META      INTC\n",
      "AAPL  0.000190 -0.000064  0.000152  0.000080  0.000024  0.000061  0.000051\n",
      "PYPL -0.000064  0.000217 -0.000017  0.000123  0.000066  0.000015  0.000057\n",
      "TSLA  0.000152 -0.000017  0.000583  0.000153  0.000142  0.000137  0.000182\n",
      "NVDA  0.000080  0.000123  0.000153  0.000303  0.000111  0.000062  0.000131\n",
      "AMD   0.000024  0.000066  0.000142  0.000111  0.000257 -0.000002  0.000089\n",
      "META  0.000061  0.000015  0.000137  0.000062 -0.000002  0.000106  0.000048\n",
      "INTC  0.000051  0.000057  0.000182  0.000131  0.000089  0.000048  0.000182\n",
      "2018-06-01 00:00:00 \n",
      "           AAPL      PYPL      TSLA      NVDA       AMD      META      INTC\n",
      "AAPL  0.000076  0.000077  0.000131  0.000119  0.000139  0.000049  0.000071\n",
      "PYPL  0.000077  0.000213  0.000158  0.000217  0.000280  0.000117  0.000138\n",
      "TSLA  0.000131  0.000158  0.001134  0.000301  0.000710  0.000147  0.000117\n",
      "NVDA  0.000119  0.000217  0.000301  0.000338  0.000378  0.000150  0.000164\n",
      "AMD   0.000139  0.000280  0.000710  0.000378  0.001073  0.000204  0.000212\n",
      "META  0.000049  0.000117  0.000147  0.000150  0.000204  0.000159  0.000078\n",
      "INTC  0.000071  0.000138  0.000117  0.000164  0.000212  0.000078  0.000286\n",
      "2018-07-02 00:00:00 \n",
      "           AAPL      PYPL      TSLA      NVDA       AMD      META      INTC\n",
      "AAPL  0.000093  0.000114  0.000130  0.000112  0.000011  0.000147  0.000153\n",
      "PYPL  0.000114  0.000335  0.000077  0.000148 -0.000166  0.000413  0.000261\n",
      "TSLA  0.000130  0.000077  0.000724  0.000229 -0.000084  0.000167  0.000183\n",
      "NVDA  0.000112  0.000148  0.000229  0.000254  0.000174  0.000077  0.000163\n",
      "AMD   0.000011 -0.000166 -0.000084  0.000174  0.001529 -0.001229 -0.000054\n",
      "META  0.000147  0.000413  0.000167  0.000077 -0.001229  0.001989  0.000185\n",
      "INTC  0.000153  0.000261  0.000183  0.000163 -0.000054  0.000185  0.000485\n",
      "2018-08-01 00:00:00 \n",
      "           AAPL      PYPL      TSLA      NVDA       AMD      META      INTC\n",
      "AAPL  0.000199  0.000053  0.000021 -0.000045 -0.000025  0.000011  0.000056\n",
      "PYPL  0.000053  0.000137  0.000202  0.000080  0.000133  0.000049  0.000071\n",
      "TSLA  0.000021  0.000202  0.002467  0.000398  0.000109  0.000161  0.000189\n",
      "NVDA -0.000045  0.000080  0.000398  0.000276  0.000164  0.000081  0.000048\n",
      "AMD  -0.000025  0.000133  0.000109  0.000164  0.000742  0.000196  0.000091\n",
      "META  0.000011  0.000049  0.000161  0.000081  0.000196  0.000224  0.000050\n",
      "INTC  0.000056  0.000071  0.000189  0.000048  0.000091  0.000050  0.000136\n",
      "2018-09-03 00:00:00 \n",
      "           AAPL      PYPL      TSLA          NVDA           AMD      META  \\\n",
      "AAPL  0.000206  0.000056 -0.000156  6.172052e-05 -1.139488e-04  0.000093   \n",
      "PYPL  0.000056  0.000218  0.000144 -2.958395e-05  1.023281e-04  0.000056   \n",
